# This is an automatically generated airport file for Endless ATC.
# Feel free to improve, use and share this file, at your own risk.
# Data from ourairports.com.
# Coastline from naturalearthdata.com.
# See the example.txt airport for all possible sections and items to add to this file.

[airspace]
elevation = 5536
center = S1.32172000408, E36.8148002625
magneticvar = -0.011
beacons =
	NO, S1.36590, E36.86410, 0, Nairobi
	EA, S1.26505, E36.86790, 0, Eastleigh
	NI, S1.33301, E36.90860, 0, Nairobi
	AL, S1.37608, E36.91910, 0, Embakasi
	NV, S1.29990, E36.95420, 0, Nairobi
	GG, S1.39038, E36.63790, 0, Ngong
	GV, S1.39659, E36.63790, 0, Ngong
	TH, S1.50216, E37.02070, 0, Athi River
	TV, S1.50344, E37.02120, 0, Athi River

[airport1]
name = Nairobi Wilson Airport
code = HKNW
runways =
	rwy1, 07, S1.32485, E36.8063, 70.0, 4798, 0, 0, 5546
	rwy2, 14, S1.31888, E36.8119, 134.0, 5052, 246, 0, 5517

[airport2]
name = Jomo Kenyatta International Airport
code = JK
runways =
	rwy3, 06, S1.32759, E36.9164, 54.0, 13507, 0, 0, 5330
inboundbeacon = NI

[planetypes]
types = 
      B461, 5, 140, 300, 3.1, 3.7, 1600, 2000, 125, 180, 1.4, 1.8, BAE
      B462, 5, 150, 270, 3.1, 3.4, 1600, 2000, 125, 180, 1.3, 1.7, BAE
      A109, 6, 30, 160, 4, 5, 1000, 1900, 30, 80, 1.1, 1.3, Agusta
      C152, 6, 60, 110, 3.4, 5.2, 400, 800, 60, 85, 1.2, 1.3, Cessna
      P28A, 6, 65, 130, 3.1, 4.7, 500, 1000, 70, 90, 1.3, 1.5, Piper
      C172, 6, 65, 120, 3.2, 4.6, 500, 1000, 65, 90, 1.1, 1.3, Cessna
      C182, 6, 75, 140, 3.1, 4.2, 600, 1000, 70, 100, 1.2, 1.4, Cessna
      A119, 6, 30, 150, 4, 5, 1200, 1800, 30, 80, 1.1, 1.3, Agusta
      R44, 6, 30, 130, 4, 5, 1200, 1400, 30, 80, 0.9, 1.1, Robinson
      R66, 6, 30, 140, 4, 5, 800, 1100, 30, 80, 0.7, 1.0, Robinson
      SR22, 6, 80, 200, 3.4, 4.1, 800, 930, 75, 100, 1.2, 1.4, Cirrus
      E35L, 5, 130, 300, 3.1, 3.5, 2000, 2800, 131, 180, 1.4, 1.9, Embraer
      C56X, 5, 130, 300, 3.2, 3.4, 2200, 3100, 97, 180, 1.5, 2.1, Cessna
      CL30, 5, 130, 300, 3.2, 3.4, 2200, 3100, 101, 180, 1.5, 2.1, Bombardier
      E55P, 5, 130, 300, 3.2, 3.4, 3000, 4000, 94, 180, 1.7, 2.3, Embraer
      C550, 6, 130, 300, 3.2, 3.4, 1500, 2000, 104, 180, 1.5, 2.0, Cessna
      LJ70, 5, 120, 300, 3.2, 3.4, 1200, 2400, 96, 160, 1.5, 2.0, Learjet
      LJ75, 5, 120, 300, 3.2, 3.4, 1200, 2400, 99, 160, 1.6, 2.1, Learjet
      CL35, 5, 130, 300, 3.2, 3.4, 2200, 3100, 101, 160, 1.7, 2.1, Bombardier
      GLF5, 5, 140, 300, 3.2, 3.4, 2000, 3000, 126, 180, 1.5, 2.1, Gulfstream
      GLF6, 5, 140, 300, 3.2, 3.4, 2000, 3000, 129, 180, 1.6, 2.2, Gulfstream
      GLF4, 5, 140, 300, 3.2, 3.4, 2000, 4000, 121, 180, 1.5, 2.3, Gulfstream
      GLEX, 5, 140, 300, 3.2, 3.4, 3000, 4000, 119, 180, 1.7, 2.1, Bombardier
      C68A, 5, 120, 300, 3.2, 3.4, 1200, 2400, 103, 160, 1.6, 2.2, Cessna
      F900, 5, 120, 300, 3.2, 3.4, 2500, 3000, 109, 160, 1.7, 2.4, Dassault
      FA50, 5, 140, 300, 3.2, 3.4, 2000, 3000, 127, 180, 1.8, 2.3, Dassault
      P180, 6, 130, 300, 3.2, 3.4, 1500, 3000, 117, 180, 1.6, 2.0, Piaggio
      C17, 3, 140, 300, 3.1, 3.3, 1500, 2000, 129, 180, 1.3, 1.6, Boeing
      TBM7, 6, 90, 260, 3.6, 4.1, 1000, 2000, 74, 160, 1.7, 2.2, Socata
      FA7X, 5, 120, 300, 3.2, 3.4, 2800, 3500, 104, 160, 1.6, 2.1, Dassault
      LJ45, 5, 130, 300, 3.2, 3.4, 3000, 4000, 128, 180, 1.8, 2.3, Learjet
      LJ35, 5, 130, 300, 3.2, 3.4, 3000, 4000, 124, 180, 2.0, 2.3, Learjet
      PC12, 6, 90, 230, 3.4, 3.6, 1000, 1700, 72, 160, 1.3, 1.7, Pilatus
      PC24, 5, 100, 290, 3.3, 3.5, 1200, 2000, 91, 160, 1.5, 1.9, Pilatus
      E135, 5, 140, 300, 3.1, 3.5, 1500, 3500, 124, 180, 1.7, 1.9, Embraer
      E145, 5, 150, 300, 3.2, 3.4, 1500, 2500, 131, 180, 1.8, 2.1, Embraer
      C295, 5, 160, 240, 3.2, 3.4, 1000, 2000, 113, 160, 1.6, 2.1, Airbus
      CL60, 5, 140, 300, 3.2, 3.4, 3000, 4500, 128, 180, 1.7, 2.1, Bombardier
      C25B, 6, 120, 300, 3.2, 3.4, 2500, 3000, 108, 160, 1.6, 2.1, Cessna
      C525, 6, 120, 300, 3.2, 3.4, 2500, 3000, 106, 160, 1.7, 2.0, Cessna
      JC32, 5, 130, 250, 3.2, 3.4, 1500, 2000, 107, 160, 1.6, 2.1, BAE
      EC20, 6, 30, 120, 4, 5, 800, 1100, 30, 80, 0.7, 1.0, 0
      dc3, 3, 70, 200, 2.9, 3.2, 1000, 1130, 68, 70, 0, 0, mcdonnell douglass
      c30j, 3, 97, 355, 2.9, 3.2, 1000, 1500, 96, 100, 0, 0
      B721, 4, 160, 300, 2.9, 3.2, 1440, 1560, 131, 144, 1.1, 1.3, Boeing
      B722, 4, 160, 300, 2.9, 3.2, 1440, 1560, 131, 144, 1.1, 1.3, Boeing
      DC10, 2, 160, 300, 2.3, 2.7, 1000, 1440, 145, 160, 1.1, 1.3, Douglas
      DC87, 3, 160, 300, 2.3, 2.7, 1000, 1440, 138, 146, 1.1, 1.3, Douglas
      A124, 2, 170, 300, 2.3, 2.7, 1000, 1440, 150, 170, 1.1, 1.3, Antonov
      A225, 1, 180, 300, 2.2, 2.4, 1000, 1400, 155, 180, 1.1, 1.3, Antonov
      J328, 5, 160, 300, 2.9, 3.2, 1440, 1560, 120, 132, 1.1, 1.3, Dornier
      E45X, 5, 160, 300, 2.9, 3.2, 1440, 1560, 120, 132, 1.1, 1.3, Embraer
      GALX, 5, 160, 300, 2.9, 3.2, 1440, 1560, 113, 125, 1.1, 1.3, Gulfstream
      G150, 5, 160, 300, 2.9, 3.2, 1440, 1560, 113, 125, 1.1, 1.3, Gulfstream
      ASTR, 5, 160, 300, 2.9, 3.2, 1440, 1560, 113, 125, 1.1, 1.3, Gulfstream 
      MD90, 4, 160, 300, 2.9, 3.2, 1440, 1560, 131, 144, 1.1, 1.3, McDonnell Douglas
      BE40, 5, 160, 300, 2.9, 3.2, 1440, 1560, 115, 126, 1.1, 1.3
      F2TH, 5, 160, 300, 2.9, 3.2, 1440, 1560, 113, 125, 1.1, 1.3
      HDJT, 6, 140, 300, 2.9, 3.2, 1440, 1560, 112, 122, 1.1, 1.3
      PRM1, 6, 140, 300, 2.9, 3.2, 1440, 1560, 112, 122, 1.1, 1.3
      HA4T, 5, 160, 300, 2.9, 3.2, 1440, 1560, 115, 126, 1.1, 1.3
      H25B, 5, 160, 300, 2.9, 3.2, 1440, 1560, 115, 126, 1.1, 1.3
      H25C, 5, 160, 300, 2.9, 3.2, 1440, 1560, 115, 126, 1.1, 1.3
      SF50, 6, 110, 300, 2.9, 3.2, 1440, 1560, 70, 100, 1.1, 1.3
      EA50, 6, 110, 280, 2.9, 3.2, 1440, 1560, 70, 100, 1.1, 1.3
      PC12, 6, 120, 280, 2.9, 3.2, 1000, 1440, 70, 100, 1.1, 1.3
      BE9L, 6, 110, 260, 2.9, 3.2, 1000, 1440, 83, 98, 1.1, 1.3
      P46T, 6, 110, 250, 2.9, 3.2, 1000, 1300, 70, 100, 1.1, 1.3
      M600, 6, 110, 250, 2.9, 3.2, 1000, 1300, 70, 100, 1.1, 1.3
      C402, 6, 100, 230, 2.9, 3.2, 1000, 1400, 60, 90, 1.1, 1.3
      C72R, 6, 100, 160, 2.9, 3.2, 1000, 1300, 80, 100, 1.1, 1.3
      C77R, 6, 100, 160, 2.9, 3.2, 1000, 1300, 80, 100, 1.1, 1.3
      C82R, 6, 100, 170, 2.9, 3.2, 1000, 1300, 80, 100, 1.1, 1.3
      C82T, 6, 100, 170, 2.9, 3.2, 1000, 1300, 80, 100, 1.1, 1.3
      C172, 6, 100, 160, 2.9, 3.2, 1000, 1300, 80, 100, 1.1, 1.3
      C177, 6, 100, 160, 2.9, 3.2, 1000, 1300, 80, 100, 1.1, 1.3
      C206, 6, 100, 160, 2.9, 3.2, 1000, 1300, 80, 100, 1.1, 1.3
      C182, 6, 100, 170, 2.9, 3.2, 1000, 1300, 80, 100, 1.1, 1.3
      P28B, 6, 100, 170, 2.9, 3.2, 1000, 1300, 80, 100, 1.1, 1.3
      T206, 6, 100, 160, 2.9, 3.2, 1000, 1300, 80, 100, 1.1, 1.3
      BE35, 6, 100, 180, 2.9, 3.2, 1000, 1400, 80, 100, 1.1, 1.3
      B58T, 6, 100, 180, 2.9, 3.2, 1000, 1400, 80, 100, 1.1, 1.3
      C210, 6, 100, 200, 2.9, 3.2, 1000, 1300, 60, 90, 1.1, 1.3
      DA42, 6, 100, 190, 2.9, 3.2, 1000, 1300, 70, 90, 1.1, 1.3
      DA62, 6, 110, 200, 2.9, 3.2, 1000, 1300, 70, 100, 1.1, 1.3
      DA40, 6, 100, 150, 2.9, 3.2, 1000, 1300, 50, 80, 1.1, 1.3
      SR22, 6, 100, 160, 2.9, 3.2, 1000, 1300, 80, 90, 1.1, 1.3
      S22T, 6, 100, 160, 2.9, 3.2, 1000, 1300, 80, 90, 1.1, 1.3
      P28A, 6, 100, 160, 2.9, 3.2, 1000, 1300, 80, 90, 1.1, 1.3
      P28R, 6, 100, 170, 2.9, 3.2, 1000, 1300, 80, 100, 1.1, 1.3
      P28U, 6, 100, 170, 2.9, 3.2, 1000, 1300, 80, 100, 1.1, 1.3
      M20T, 6, 100, 240, 2.9, 3.2, 1000, 1300, 60, 80, 1.1, 1.3
      ec55, 6, 30, 175, 4, 5, 800, 1750, 30, 80, 0.7, 1.0, 0
      ec75, 6, 30, 160, 4, 5, 800, 3600, 30, 80, 0.7, 1.0, 0
      a189, 6, 30, 160, 4, 5, 800, 2140, 30, 80, 0.7, 1.0, 0
      a139, 6, 30, 167, 4, 5, 800, 2140, 30, 80, 0.7, 1.0, 0
      mmf, 2, 150, 475, 2.9, 3.2, 1000, 2000, 134, 144, 1.1, 1.3
